
        /// detection_sensing_parameters

        ReflectionRadar.detection_sensing_parameters.range_resolution = 1.8;
        ReflectionRadar.detection_sensing_parameters.doppler_resolution = 0.1002;
        ReflectionRadar.detection_sensing_parameters.azimuth_resolution = -0.027778;
        ReflectionRadar.detection_sensing_parameters.elevation_resolution = -0.027778;
        ReflectionRadar.detection_sensing_parameters.number_range_bin = 112;
        ReflectionRadar.detection_sensing_parameters.number_doppler_bin = 512;
        ReflectionRadar.detection_sensing_parameters.number_azimuth_bin = 16;
        ReflectionRadar.detection_sensing_parameters.number_elevation_bin = 16;
        ReflectionRadar.detection_sensing_parameters.range_window_function = {9.801e-22,0.0010874,0.0022429,0.003427,0.0045949,0.0056974,0.0066822,0.0074955,0.0080841,0.0083965,0.0083859,0.0080118,0.0072424,0.0060567,0.0044469,0.00242,9.7938e-22,0.0027711,0.0058315,0.0090993,0.012472,0.015826,0.019018,0.021887,0.024252,0.02592,0.026682,0.026324,0.024624,0.021358,0.016305,0.0092531,9.7886e-22,0.011638,0.025825,0.042697,0.06236,0.084885,0.11031,0.13862,0.16977,0.20365,0.24014,0.27904,0.32011,0.36308,0.40763,0.4534,0.5,0.54701,0.59398,0.64045,0.68596,0.73001,0.77215,0.8119,0.84883,0.8825,0.91254,0.93859,0.96034,0.97753,0.98996,0.99748,1,0.99748,0.98996,0.97753,0.96034,0.93859,0.91254,0.8825,0.84883,0.8119,0.77215,0.73001,0.68596,0.64045,0.59398,0.54701,0.5,0.4534,0.40763,0.36308,0.32011,0.27904,0.24014,0.20365,0.16977,0.13862,0.11031,0.084885,0.06236,0.042697,0.025825,0.011638,9.7886e-22,0.0092531,0.016305,0.021358,0.024624,0.026324,0.026682,0.02592,0.024252,0.021887,0.019018,0.015826,0.012472,0.0090993,0.0058315,0.0027711,9.7938e-22,0.00242,0.0044469,0.0060567,0.0072424,0.0080118,0.0083859,0.0083965,0.0080841,0.0074955,0.0066822,0.0056974,0.0045949,0.003427,0.0022429,0.0010874,9.801e-22};
        ReflectionRadar.detection_sensing_parameters.doppler_window_function = {9.801e-22,0.0010874,0.0022429,0.003427,0.0045949,0.0056974,0.0066822,0.0074955,0.0080841,0.0083965,0.0083859,0.0080118,0.0072424,0.0060567,0.0044469,0.00242,9.7938e-22,0.0027711,0.0058315,0.0090993,0.012472,0.015826,0.019018,0.021887,0.024252,0.02592,0.026682,0.026324,0.024624,0.021358,0.016305,0.0092531,9.7886e-22,0.011638,0.025825,0.042697,0.06236,0.084885,0.11031,0.13862,0.16977,0.20365,0.24014,0.27904,0.32011,0.36308,0.40763,0.4534,0.5,0.54701,0.59398,0.64045,0.68596,0.73001,0.77215,0.8119,0.84883,0.8825,0.91254,0.93859,0.96034,0.97753,0.98996,0.99748,1,0.99748,0.98996,0.97753,0.96034,0.93859,0.91254,0.8825,0.84883,0.8119,0.77215,0.73001,0.68596,0.64045,0.59398,0.54701,0.5,0.4534,0.40763,0.36308,0.32011,0.27904,0.24014,0.20365,0.16977,0.13862,0.11031,0.084885,0.06236,0.042697,0.025825,0.011638,9.7886e-22,0.0092531,0.016305,0.021358,0.024624,0.026324,0.026682,0.02592,0.024252,0.021887,0.019018,0.015826,0.012472,0.0090993,0.0058315,0.0027711,9.7938e-22,0.00242,0.0044469,0.0060567,0.0072424,0.0080118,0.0083859,0.0083965,0.0080841,0.0074955,0.0066822,0.0056974,0.0045949,0.003427,0.0022429,0.0010874,9.801e-22};
        ReflectionRadar.detection_sensing_parameters.azimuth_window_function = {1.1996e-18,0.00023897,0.0004693,0.00068263,0.00087117,0.0010279,0.001147,0.0012238,0.001255,0.0012389,0.0011755,0.0010665,0.00091498,0.00072579,0.0005051,0.00026035,8.4224e-19,0.00026675,0.00053021,0.00078057,0.0010082,0.0012039,0.0013594,0.0014677,0.0015229,0.0015211,0.0014603,0.0013403,0.0011632,0.00093336,0.00065702,0.00034253,6.1952e-19,0.00035896,0.00072155,0.0010742,0.0014029,0.0016939,0.0019339,0.0021109,0.0022145,0.0022363,0.0021704,0.0020138,0.0017669,0.0014333,0.00102,0.00053758,4.7574e-19,0.00057581,0.0011702,0.0017614,0.002326,0.0028399,0.003279,0.0036198,0.0038409,0.0039236,0.0038524,0.0036169,0.0032115,0.0026367,0.0018995,0.0010137,3.8116e-19,0.0011139,0.0022937,0.0034991,0.0046846,0.0058004,0.0067939,0.0076114,0.0081994,0.0085069,0.0084874,0.0081009,0.0073163,0.0061134,0.0044849,0.0024389,3.1914e-19,0.002789,0.0058658,0.0091477,0.012532,0.015895,0.019093,0.021963,0.024328,0.025992,0.026748,0.026382,0.024671,0.021394,0.016329,0.0092649,2.8008e-19,0.01165,0.025846,0.042726,0.062395,0.084926,0.11035,0.13866,0.16981,0.20369,0.24018,0.27907,0.32014,0.3631,0.40764,0.45341,0.5,0.547,0.59397,0.64044,0.68594,0.73,0.77213,0.81189,0.84881,0.88249,0.91253,0.93858,0.96033,0.97753,0.98996,0.99748,1,0.99748,0.98996,0.97753,0.96033,0.93858,0.91253,0.88249,0.84881,0.81189,0.77213,0.73,0.68594,0.64044,0.59397,0.547,0.5,0.45341,0.40764,0.3631,0.32014,0.27907,0.24018,0.20369,0.16981,0.13866,0.11035,0.084926,0.062395,0.042726,0.025846,0.01165,2.8008e-19,0.0092649,0.016329,0.021394,0.024671,0.026382,0.026748,0.025992,0.024328,0.021963,0.019093,0.015895,0.012532,0.0091477,0.0058658,0.002789,3.1914e-19,0.0024389,0.0044849,0.0061134,0.0073163,0.0081009,0.0084874,0.0085069,0.0081994,0.0076114,0.0067939,0.0058004,0.0046846,0.0034991,0.0022937,0.0011139,3.8116e-19,0.0010137,0.0018995,0.0026367,0.0032115,0.0036169,0.0038524,0.0039236,0.0038409,0.0036198,0.003279,0.0028399,0.002326,0.0017614,0.0011702,0.00057581,4.7574e-19,0.00053758,0.00102,0.0014333,0.0017669,0.0020138,0.0021704,0.0022363,0.0022145,0.0021109,0.0019339,0.0016939,0.0014029,0.0010742,0.00072155,0.00035896,6.1952e-19,0.00034253,0.00065702,0.00093336,0.0011632,0.0013403,0.0014603,0.0015211,0.0015229,0.0014677,0.0013594,0.0012039,0.0010082,0.00078057,0.00053021,0.00026675,8.4224e-19,0.00026035,0.0005051,0.00072579,0.00091498,0.0010665,0.0011755,0.0012389,0.001255,0.0012238,0.001147,0.0010279,0.00087117,0.00068263,0.0004693,0.00023897,1.1996e-18};
        ReflectionRadar.detection_sensing_parameters.elevation_window_function = {1.1996e-18,0.00023897,0.0004693,0.00068263,0.00087117,0.0010279,0.001147,0.0012238,0.001255,0.0012389,0.0011755,0.0010665,0.00091498,0.00072579,0.0005051,0.00026035,8.4224e-19,0.00026675,0.00053021,0.00078057,0.0010082,0.0012039,0.0013594,0.0014677,0.0015229,0.0015211,0.0014603,0.0013403,0.0011632,0.00093336,0.00065702,0.00034253,6.1952e-19,0.00035896,0.00072155,0.0010742,0.0014029,0.0016939,0.0019339,0.0021109,0.0022145,0.0022363,0.0021704,0.0020138,0.0017669,0.0014333,0.00102,0.00053758,4.7574e-19,0.00057581,0.0011702,0.0017614,0.002326,0.0028399,0.003279,0.0036198,0.0038409,0.0039236,0.0038524,0.0036169,0.0032115,0.0026367,0.0018995,0.0010137,3.8116e-19,0.0011139,0.0022937,0.0034991,0.0046846,0.0058004,0.0067939,0.0076114,0.0081994,0.0085069,0.0084874,0.0081009,0.0073163,0.0061134,0.0044849,0.0024389,3.1914e-19,0.002789,0.0058658,0.0091477,0.012532,0.015895,0.019093,0.021963,0.024328,0.025992,0.026748,0.026382,0.024671,0.021394,0.016329,0.0092649,2.8008e-19,0.01165,0.025846,0.042726,0.062395,0.084926,0.11035,0.13866,0.16981,0.20369,0.24018,0.27907,0.32014,0.3631,0.40764,0.45341,0.5,0.547,0.59397,0.64044,0.68594,0.73,0.77213,0.81189,0.84881,0.88249,0.91253,0.93858,0.96033,0.97753,0.98996,0.99748,1,0.99748,0.98996,0.97753,0.96033,0.93858,0.91253,0.88249,0.84881,0.81189,0.77213,0.73,0.68594,0.64044,0.59397,0.547,0.5,0.45341,0.40764,0.3631,0.32014,0.27907,0.24018,0.20369,0.16981,0.13866,0.11035,0.084926,0.062395,0.042726,0.025846,0.01165,2.8008e-19,0.0092649,0.016329,0.021394,0.024671,0.026382,0.026748,0.025992,0.024328,0.021963,0.019093,0.015895,0.012532,0.0091477,0.0058658,0.002789,3.1914e-19,0.0024389,0.0044849,0.0061134,0.0073163,0.0081009,0.0084874,0.0085069,0.0081994,0.0076114,0.0067939,0.0058004,0.0046846,0.0034991,0.0022937,0.0011139,3.8116e-19,0.0010137,0.0018995,0.0026367,0.0032115,0.0036169,0.0038524,0.0039236,0.0038409,0.0036198,0.003279,0.0028399,0.002326,0.0017614,0.0011702,0.00057581,4.7574e-19,0.00053758,0.00102,0.0014333,0.0017669,0.0020138,0.0021704,0.0022363,0.0022145,0.0021109,0.0019339,0.0016939,0.0014029,0.0010742,0.00072155,0.00035896,6.1952e-19,0.00034253,0.00065702,0.00093336,0.0011632,0.0013403,0.0014603,0.0015211,0.0015229,0.0014677,0.0013594,0.0012039,0.0010082,0.00078057,0.00053021,0.00026675,8.4224e-19,0.00026035,0.0005051,0.00072579,0.00091498,0.0010665,0.0011755,0.0012389,0.001255,0.0012238,0.001147,0.0010279,0.00087117,0.00068263,0.0004693,0.00023897,1.1996e-18};
        ReflectionRadar.detection_sensing_parameters.window_data_per_bin = 16;
        ReflectionRadar.detection_sensing_parameters.bin_affect_range = 4;
        ReflectionRadar.detection_sensing_parameters.emitter_strength = 0.01;
        ReflectionRadar.detection_sensing_parameters.range_CFAR_window_size = 32;
        ReflectionRadar.detection_sensing_parameters.range_CFAR_ref_pos = 24;
        ReflectionRadar.detection_sensing_parameters.range_CFAR_factor = 16.45;
        ReflectionRadar.detection_sensing_parameters.azimuth_CFAR_window_size = 16;
        ReflectionRadar.detection_sensing_parameters.azimuth_CFAR_ref_pos = 12;
        ReflectionRadar.detection_sensing_parameters.azimuth_CFAR_factor = 16.97;
        ReflectionRadar.detection_sensing_parameters.noise_value = 1.123e-20;
        ReflectionRadar.detection_sensing_parameters.lookup_size_interpolation = 30;
        ReflectionRadar.detection_sensing_parameters.lookup_stepsize_interpolation = 0.5 / ( (float) ReflectionRadar.detection_sensing_parameters.lookup_size_interpolation - 1);
        ReflectionRadar.detection_sensing_parameters.lookup_range_interpolation = {3.8949,3.7033,3.5226,3.352,3.1908,3.0385,2.8943,2.7578,2.6286,2.5061,2.3899,2.2797,2.175,2.0756,1.9811,1.8913,1.8059,1.7246,1.6472,1.5735,1.5032,1.4363,1.3724,1.3116,1.2535,1.198,1.1451,1.0945,1.0462,1};
        ReflectionRadar.detection_sensing_parameters.lookup_doppler_interpolation = {3.9767,3.7779,3.5906,3.414,3.2472,3.0897,2.9409,2.8001,2.6668,2.5406,2.4211,2.3077,2.2002,2.0982,2.0012,1.9092,1.8217,1.7385,1.6593,1.584,1.5122,1.4439,1.3788,1.3168,1.2576,1.2012,1.1473,1.0959,1.0469,1};
        ReflectionRadar.detection_sensing_parameters.lookup_azimuth_interpolation = {3.342,3.197,3.0593,2.9283,2.8038,2.6852,2.5723,2.4648,2.3623,2.2645,2.1712,2.0822,1.9972,1.9159,1.8383,1.764,1.693,1.625,1.56,1.4977,1.438,1.3808,1.326,1.2735,1.2231,1.1747,1.1283,1.0838,1.0411,1};
        ReflectionRadar.detection_sensing_parameters.max_number_detections = 400;
        ReflectionRadar.detection_sensing_parameters.power_threshold = -1;
        ReflectionRadar.detection_sensing_parameters.num_peaks_max = 12;
        ReflectionRadar.detection_sensing_parameters.rcs_calibration = 0;